-1.339228997196581304e+03
-1.368251532687709187e+03
-1.269145512751412980e+03
-1.294076185334519323e+03
-1.775129458203458853e+03
-1.588972083104049489e+03
-1.686314757900698396e+03
-1.434043773209103165e+03
-1.692134055352006726e+03
-1.321535404040707590e+03
-1.340464268540737748e+03
-1.600066869960670374e+03
-1.245358826937077311e+03
-1.364655202671667212e+03
-1.333187338162283595e+03
-1.078229614686165633e+03
-1.646772669943817391e+03
-1.063450451418382954e+03
-1.496291448767309248e+03
-1.221821279585359662e+03
-1.110303049648232900e+03
-1.582433117792789517e+03
-1.052175511817212055e+03
-1.341075241468043714e+03
-1.430446840526125243e+03
-1.502960774361441509e+03
-1.365146959853668022e+03
-1.388161716791724757e+03
-1.389627347910584376e+03
-1.351815023877920339e+03
-1.414697272873987004e+03
-1.530458930006504488e+03
-1.256755089985090308e+03
-1.263460803682088908e+03
-1.386403481910292840e+03
-1.162051898134887779e+03
-1.167988959521375364e+03
-1.258527214155970341e+03
-1.266250179145951506e+03
-1.214592252931594203e+03
-1.269960090893306869e+03
-1.300004588166391841e+03
-1.157703371987995979e+03
-1.112641284912316905e+03
-7.691114255029574451e+02
-1.116254589308348613e+03
-1.118489287964336881e+03
-1.195037965811883623e+03
-1.108905084123438883e+03
-1.002964458631308162e+03
-9.789160368780286490e+02
-1.102701345640557520e+03
-1.117654385345508217e+03
-9.893461231943314260e+02
-1.110298912160786131e+03
-1.112219688916684845e+03
-1.238217436750442857e+03
-1.125156679791999977e+03
-7.557345790925143092e+02
-1.182548789071016017e+03
-9.729075842683754445e+02
-8.901855555748029474e+02
-9.311972042243966143e+02
-1.077783035195477623e+03
-1.135668749323286647e+03
-9.755898748214946181e+02
-9.793474944874456014e+02
-9.886343232489100501e+02
-8.238166688524909205e+02
-1.072242027134691398e+03
-8.788607590592146153e+02
-1.075106011061099935e+03
-7.516786600907795446e+02
-9.961873831748995372e+02
-5.124014750494760619e+02
-8.722486699927958398e+02
-7.559794448089560319e+02
-8.791485479543581505e+02
-6.341818764922628588e+02
-6.370562408817459072e+02
-1.105548085578178416e+03
-6.294240562269781094e+02
-1.018641205987735589e+03
-5.122628298361427142e+02
-7.574409151940673155e+02
-7.643518567472121958e+02
-6.518746962761709938e+02
-9.004183860344471668e+02
-8.300422364420668373e+02
-3.730306673748307276e+02
-6.281508354829067002e+02
-6.290592756915849577e+02
-6.280836104473154364e+02
-4.870219150386355409e+02
-8.580146939461153579e+02
-6.127231396843627635e+02
-7.619029315176937871e+02
-2.554232932807829854e+02
-8.836472889375838804e+02
-7.674684063326043315e+02
-7.488107893111890689e+02
-3.810953962844357648e+02
-5.044750921948336781e+02
-6.065164549960580871e+02
-8.785584480522760487e+02
-5.250494737462782950e+02
-5.042837128946566736e+02
-6.400090854761381252e+02
-3.792399757533851812e+02
-4.889326606876649066e+02
-1.012536061731881318e+03
-7.392957228266177481e+02
-6.179041688695202765e+02
-2.502233090418127119e+02
-7.378863789841805101e+02
-2.529916841462271293e+02
-2.545821266999267607e+02
-1.293668887779373904e+02
-3.292203047448359143e+02
-3.654324127255773647e+02
-7.742275551089046530e+02
-2.557884510975200101e+02
-2.574613676044475028e+02
-2.441085754723869172e+02
-6.464746193073971199e+02
-6.418756078034990651e+02
-8.609824995260714786e+02
-7.594575332219384336e+02
-4.985589633348513985e+02
-6.104018425907622714e+02
-2.397789739907930198e+02
-1.243796878423715242e+02
-2.316654606973762327e+02
-6.253539452316829284e+02
-8.064605798884913384e+02
-4.959708562684035655e+02
-6.134047988126171731e+02
-1.269804374506554581e+02
-7.471891800431882302e+02
-6.233312552026027333e+02
-7.110155465099863932e+02
-3.593790568791502551e+02
-3.539611013473369212e+02
-4.964239774252440043e+02
-5.109584386685922368e+02
-3.782547223006594663e+02
-2.442538412664159750e+02
-6.284701755310883300e+02
-1.025265623077014521e+00
-6.044284190966390042e+02
-2.573909129294606259e+02
-3.703827481971217139e+02
-1.288917644210168589e+02
-5.076036296546418498e+02
-2.404082732984320501e+02
-2.479559389447149158e+02
-1.281395333124624187e+02
-3.800267286132499862e+02
-7.596089106347933466e+02
-5.033618510542287368e+02
-2.398445194480574401e+02
-7.492469599784861884e+02
-5.083859614458984311e+02
-1.263598312502964092e+02
-3.813951200491126201e+02
-5.054625227297215702e+02
-9.275643801685520202e+02
-5.284363671076986293e+02
-5.069340858268554371e+02
-2.412653024454662329e+02
-1.283874102294343515e+02
-1.272056288770506143e+02
-2.560744520655027259e+02
-6.324173308518294334e+02
-6.297413596383257754e+02
-4.726843584968061123e+02
-7.621667487539137937e+02
-2.578445947162063021e+02
-7.540833673689450052e+02
-8.573463000706080948e+02
-2.486209931015008294e+02
-3.350201188195089497e+00
-3.773740261933519378e+02
-2.548644777077500123e+02
-1.260890225139958858e+02
-6.699162136173142699e+02
-2.477390182628583091e+02
-3.824987141320584669e+02
-2.578585662492819779e+02
-8.595283769169517427e+02
-6.305168791931915848e+02
-2.527194945647921429e+02
-5.113853586724319484e+02
-2.513531998512995642e+02
-3.744121380782836468e+02
-6.416373659095067978e+02
-6.308162777436457418e+02
-5.048276337050492657e+02
-6.228797988147305205e+02
-5.023838403843926699e+02
